1 1e-12 1 1 2 2 2 8 1 1.7156 0 0 0 0 
     12.6459      4.19231     -11.4951      2.78341      3.74843  3.64959e-16  1.14473e-16 -1.57436e-15
     4.19231      11.7979     -10.9162       3.5605      2.72059  2.16487e-16  4.37621e-16  2.48706e-16
    -11.4951     -10.9162      15.2997     -4.33086     -4.41626 -3.96941e-16 -3.76903e-16  9.04997e-16
     2.78341       3.5605     -4.33086      1.76767      1.63506  3.09613e-17  2.21062e-16 -2.89776e-16
     3.74843      2.72059     -4.41626      1.63506      1.82145  8.55551e-17  1.52973e-16 -5.52424e-16
 3.64959e-16  2.16487e-16 -3.96941e-16  3.09613e-17  8.55551e-17        1e-12  5.90858e-31  2.09628e-30
 1.14473e-16  4.37621e-16 -3.76903e-16  2.21062e-16  1.52973e-16  5.90858e-31        1e-12 -1.65717e-30
-1.57436e-15  2.48706e-16  9.04997e-16 -2.89776e-16 -5.52424e-16  2.09628e-30 -1.65717e-30        1e-12

33.1683
20.2516
-36.4686
9.94473
11.5888
8.0202e-16
8.0541e-17
-2.36784e-15

beta apres
1.40802
0.23434
-0.928848
-0.807089
1.58723
-0.000242084
-0.000597664
0.00127416
0 1e-12 3.39563 2.22195 1.07115 1.19291 3.58723 8 1 1.71687 0 0.00919523 -0.00364652 0 
     25.1659      8.32787  1.38741e-17      2.78224      3.74593 -5.57021e-16  4.88842e-16 -6.15826e-16
     8.32787      23.4284 -1.38741e-17      3.55682      2.71889 -2.08064e-16 -3.45076e-17 -7.81754e-16
 1.38741e-17 -1.38741e-17        1e-11 -2.18985e-17 -2.22567e-17  3.32486e-32 -1.01833e-32  4.26083e-32
     2.78224      3.55682 -2.18985e-17     0.888758     0.822357  -1.0713e-16  3.86266e-17 -3.53875e-16
     3.74593      2.71889 -2.22567e-17     0.822357     0.916206 -1.61244e-16  8.97512e-17 -2.70776e-16
-5.57021e-16 -2.08064e-16  3.32486e-32  -1.0713e-16 -1.61244e-16        1e-11  8.79641e-32  6.84673e-31
 4.88842e-16 -3.45076e-17 -1.01833e-32  3.86266e-17  8.97512e-17  8.79641e-32        1e-11 -6.49399e-31
-6.15826e-16 -7.81754e-16  4.26083e-32 -3.53875e-16 -2.70776e-16  6.84673e-31 -6.49399e-31        1e-11

74.2847
54.4458
-8.67875e-17
12.2324
13.5044
-1.60258e-15
5.46816e-16
-1.49914e-15

beta apres
2.27704
1.42652
-7.40083e-06
-1.06716
2.15434
1.95638e-05
-6.69205e-05
0.000122401
1 1e-11 3.27704 2.42652 1.99999 0.932842 4.15434 8 1 1.71572 0 1.95638e-05 -6.69205e-05 0 
  10.3642   2.69619   -23.633   5.07077   1.84688  -1.35965 -0.119951   5.24215
  2.69619   6.57931  -11.6761   5.70908   1.32193  -2.63212 -0.638473   5.01623
  -23.633  -11.6761   59.1637  -15.7776  -5.08947    5.4675  0.983211  -16.3761
  5.07077   5.70908  -15.7776   6.83457   2.05403  -2.89374 -0.147574   7.76349
  1.84688   1.32193  -5.08947   2.05403  0.749577  -1.06308 -0.103896   3.40036
 -1.35965  -2.63212    5.4675  -2.89374  -1.06308   88.0787   5.69894   18.6492
-0.119951 -0.638473  0.983211 -0.147574 -0.103896   5.69894   58.6759   -21.367
  5.24215   5.01623  -16.3761   7.76349   3.40036   18.6492   -21.367    550.27

13.6238
7.05404
-34.2868
9.1035
2.78589
-12.1165
2.2307
5.62504

beta apres
1.74858
0.674845
0.260145
0.43153
-1.36677
-0.113206
0.0555125
0.00350437
1 1e-12 5.02563 3.10137 2.26014 1.36437 2.78757 8 1 1.71923 0 -0.00998044 0.00993308 0 
  3.29861   1.40879  -14.2478   1.67972   1.88547  -1.30953 -0.217343   6.86623
  1.40879   5.27034  -13.1242   3.13065   2.08746  -2.03684 -0.159477   6.36415
 -14.2478  -13.1242   72.1743  -10.9355  -10.1707   7.97428   1.07127  -35.4749
  1.67972   3.13065  -10.9355   2.61155   2.17967   -2.0474 -0.207343   7.87795
  1.88547   2.08746  -10.1707   2.17967   2.17781  -1.94922 -0.290857   8.97748
 -1.30953  -2.03684   7.97428   -2.0474  -1.94922   80.9375   10.6411   4.77346
-0.217343 -0.159477   1.07127 -0.207343 -0.290857   10.6411   46.1171  -17.2711
  6.86623   6.36415  -35.4749   7.87795   8.97748   4.77346  -17.2711   537.516

3.40024
3.41597
-17.6947
3.01913
2.85854
-15.5439
0.857334
31.1528

beta apres
31.9067
13.8517
8.65907
-2.49809
2.99528
-0.185389
0.0844309
0.0488039
0 1e-13 5.02563 3.10137 2.26014 1.36437 2.78757 8 1 1.71923 0 -0.00998044 0.00993308 0 
  3.29861   1.40879  -14.2478   1.67972   1.88547  -1.30953 -0.217343   6.86623
  1.40879   5.27034  -13.1242   3.13065   2.08746  -2.03684 -0.159477   6.36415
 -14.2478  -13.1242   72.1743  -10.9355  -10.1707   7.97428   1.07127  -35.4749
  1.67972   3.13065  -10.9355   2.61155   2.17967   -2.0474 -0.207343   7.87795
  1.88547   2.08746  -10.1707   2.17967   2.17781  -1.94922 -0.290857   8.97748
 -1.30953  -2.03684   7.97428   -2.0474  -1.94922   80.9375   10.6411   4.77346
-0.217343 -0.159477   1.07127 -0.207343 -0.290857   10.6411   46.1171  -17.2711
  6.86623   6.36415  -35.4749   7.87795   8.97748   4.77346  -17.2711   537.516

3.40024
3.41597
-17.6947
3.01913
2.85854
-15.5439
0.857334
31.1528

beta apres
31.9067
13.8516
8.65906
-2.49808
2.99528
-0.185389
0.0844309
0.0488039
0 1e-12 5.02563 3.10137 2.26014 1.36437 2.78757 8 1 1.71923 0 -0.00998044 0.00993308 0 
  3.29861   1.40879  -14.2478   1.67972   1.88547  -1.30953 -0.217343   6.86623
  1.40879   5.27034  -13.1242   3.13065   2.08746  -2.03684 -0.159477   6.36415
 -14.2478  -13.1242   72.1743  -10.9355  -10.1707   7.97428   1.07127  -35.4749
  1.67972   3.13065  -10.9355   2.61155   2.17967   -2.0474 -0.207343   7.87795
  1.88547   2.08746  -10.1707   2.17967   2.17781  -1.94922 -0.290857   8.97748
 -1.30953  -2.03684   7.97428   -2.0474  -1.94922   80.9375   10.6411   4.77346
-0.217343 -0.159477   1.07127 -0.207343 -0.290857   10.6411   46.1171  -17.2711
  6.86623   6.36415  -35.4749   7.87795   8.97748   4.77346  -17.2711   537.516

3.40024
3.41597
-17.6947
3.01913
2.85854
-15.5439
0.857334
31.1528

beta apres
31.9064
13.8515
8.65899
-2.49806
2.99526
-0.185389
0.0844309
0.0488039
0 1e-11 5.02563 3.10137 2.26014 1.36437 2.78757 8 1 1.71923 0 -0.00998044 0.00993308 0 
  3.29861   1.40879  -14.2478   1.67972   1.88547  -1.30953 -0.217343   6.86623
  1.40879   5.27034  -13.1242   3.13065   2.08746  -2.03684 -0.159477   6.36415
 -14.2478  -13.1242   72.1743  -10.9355  -10.1707   7.97428   1.07127  -35.4749
  1.67972   3.13065  -10.9355   2.61155   2.17967   -2.0474 -0.207343   7.87795
  1.88547   2.08746  -10.1707   2.17967   2.17781  -1.94922 -0.290857   8.97748
 -1.30953  -2.03684   7.97428   -2.0474  -1.94922   80.9375   10.6411   4.77346
-0.217343 -0.159477   1.07127 -0.207343 -0.290857   10.6411   46.1171  -17.2711
  6.86623   6.36415  -35.4749   7.87795   8.97748   4.77346  -17.2711   537.516

3.40024
3.41597
-17.6947
3.01913
2.85854
-15.5439
0.857334
31.1528

beta apres
31.904
13.8505
8.65832
-2.49786
2.99502
-0.185389
0.0844309
0.0488039
0 1e-10 5.02563 3.10137 2.26014 1.36437 2.78757 8 1 1.71923 0 -0.00998044 0.00993308 0 
  3.29861   1.40879  -14.2478   1.67972   1.88547  -1.30953 -0.217343   6.86623
  1.40879   5.27034  -13.1242   3.13065   2.08746  -2.03684 -0.159477   6.36415
 -14.2478  -13.1242   72.1743  -10.9355  -10.1707   7.97428   1.07127  -35.4749
  1.67972   3.13065  -10.9355   2.61155   2.17967   -2.0474 -0.207343   7.87795
  1.88547   2.08746  -10.1707   2.17967   2.17781  -1.94922 -0.290857   8.97748
 -1.30953  -2.03684   7.97428   -2.0474  -1.94922   80.9375   10.6411   4.77346
-0.217343 -0.159477   1.07127 -0.207343 -0.290857   10.6411   46.1171  -17.2711
  6.86623   6.36415  -35.4749   7.87795   8.97748   4.77346  -17.2711   537.516

3.40024
3.41597
-17.6947
3.01913
2.85854
-15.5439
0.857334
31.1528

beta apres
31.8796
13.8399
8.65155
-2.49586
2.99268
-0.18539
0.0844308
0.048804
0 1e-09 5.02563 3.10137 2.26014 1.36437 2.78757 8 1 1.71923 0 -0.00998044 0.00993308 0 
  3.29861   1.40879  -14.2478   1.67972   1.88547  -1.30953 -0.217343   6.86623
  1.40879   5.27034  -13.1242   3.13065   2.08746  -2.03684 -0.159477   6.36415
 -14.2478  -13.1242   72.1743  -10.9355  -10.1707   7.97428   1.07127  -35.4749
  1.67972   3.13065  -10.9355   2.61155   2.17967   -2.0474 -0.207343   7.87795
  1.88547   2.08746  -10.1707   2.17967   2.17781  -1.94922 -0.290857   8.97748
 -1.30953  -2.03684   7.97428   -2.0474  -1.94922   80.9375   10.6411   4.77346
-0.217343 -0.159477   1.07127 -0.207343 -0.290857   10.6411   46.1171  -17.2711
  6.86623   6.36415  -35.4749   7.87795   8.97748   4.77346  -17.2711   537.516

3.40024
3.41597
-17.6947
3.01913
2.85854
-15.5439
0.857334
31.1528

beta apres
31.6377
13.7348
8.58442
-2.47597
2.96949
-0.185391
0.0844301
0.0488045
0 1e-08 5.02563 3.10137 2.26014 1.36437 2.78757 8 1 1.71923 0 -0.00998044 0.00993308 0 
  3.29861   1.40879  -14.2478   1.67972   1.88547  -1.30953 -0.217343   6.86623
  1.40879   5.27034  -13.1242   3.13065   2.08746  -2.03684 -0.159477   6.36415
 -14.2478  -13.1242   72.1743  -10.9355  -10.1707   7.97428   1.07127  -35.4749
  1.67972   3.13065  -10.9355   2.61155   2.17967   -2.0474 -0.207343   7.87795
  1.88547   2.08746  -10.1707   2.17967   2.17781  -1.94922 -0.290857   8.97748
 -1.30953  -2.03684   7.97428   -2.0474  -1.94922   80.9375   10.6411   4.77346
-0.217343 -0.159477   1.07127 -0.207343 -0.290857   10.6411   46.1171  -17.2711
  6.86623   6.36415  -35.4749   7.87795   8.97748   4.77346  -17.2711   537.516

3.40024
3.41597
-17.6947
3.01913
2.85854
-15.5439
0.857334
31.1528

beta apres
29.4082
12.766
7.9658
-2.29269
2.75572
-0.185404
0.0844241
0.0488099
0 1e-07 5.02563 3.10137 2.26014 1.36437 2.78757 8 1 1.71923 0 -0.00998044 0.00993308 0 
  3.29861   1.40879  -14.2478   1.67972   1.88547  -1.30953 -0.217343   6.86623
  1.40879   5.27035  -13.1242   3.13065   2.08746  -2.03684 -0.159477   6.36415
 -14.2478  -13.1242   72.1744  -10.9355  -10.1707   7.97428   1.07127  -35.4749
  1.67972   3.13065  -10.9355   2.61155   2.17967   -2.0474 -0.207343   7.87795
  1.88547   2.08746  -10.1707   2.17967   2.17781  -1.94922 -0.290857   8.97748
 -1.30953  -2.03684   7.97428   -2.0474  -1.94922   80.9376   10.6411   4.77346
-0.217343 -0.159477   1.07127 -0.207343 -0.290857   10.6411   46.1172  -17.2711
  6.86623   6.36415  -35.4749   7.87795   8.97748   4.77346  -17.2711   537.516

3.40024
3.41597
-17.6947
3.01913
2.85854
-15.5439
0.857334
31.1528

beta apres
17.3199
7.51321
4.61155
-1.29889
1.59663
-0.185476
0.0843913
0.0488388
0 1e-06 22.3455 10.6146 6.87169 0.0654803 4.3842 8 1 1.75064 0 -0.0199804 0.0199331 0 
  3.29865   1.40879  -14.2478   1.67972   1.88547  -1.30953 -0.217343   6.86623
  1.40879   5.27041  -13.1242   3.13065   2.08746  -2.03684 -0.159477   6.36415
 -14.2478  -13.1242    72.175  -10.9355  -10.1707   7.97428   1.07127  -35.4749
  1.67972   3.13065  -10.9355   2.61158   2.17967   -2.0474 -0.207343   7.87795
  1.88547   2.08746  -10.1707   2.17967   2.17784  -1.94922 -0.290857   8.97748
 -1.30953  -2.03684   7.97428   -2.0474  -1.94922   80.9383   10.6411   4.77346
-0.217343 -0.159477   1.07127 -0.207343 -0.290857   10.6411   46.1176  -17.2711
  6.86623   6.36415  -35.4749   7.87795   8.97748   4.77346  -17.2711   537.521

3.40024
3.41597
-17.6947
3.01913
2.85854
-15.5439
0.857334
31.1528

beta apres
3.64688
1.57186
0.817604
-0.174843
0.285624
-0.185555
0.0843529
0.048871
1 1e-05 8.67251 4.67322 3.07774 1.18953 3.07319 8 1 1.75064 0 -0.0199804 0.0199331 0 
  0.612311   0.281309    -4.4489   0.533429   0.545333  -0.507414 -0.0951984    2.51257
  0.281309    1.20225   -4.48566    1.13554   0.691657  -0.871441 -0.0475902    2.21935
   -4.4489   -4.48566    37.8921   -5.92903    -5.0191    5.20468   0.723385    -21.098
  0.533429    1.13554   -5.92903    1.45785    1.12643    -1.3073  -0.130262     4.5447
  0.545333   0.691657    -5.0191    1.12643    1.05342   -1.18555  -0.188472    5.08325
 -0.507414  -0.871441    5.20468    -1.3073   -1.18555    68.3589    8.24294    8.58029
-0.0951984 -0.0475902   0.723385  -0.130262  -0.188472    8.24294    40.8086   -12.3268
   2.51257    2.21935    -21.098     4.5447    5.08325    8.58029   -12.3268    440.624

1.68456
1.48276
-13.851
2.01556
1.76037
-12.4114
1.6027
15.177

beta apres
36.4593
13.9411
5.54138
-1.77276
1.6302
-0.174707
0.0876675
0.0269892
0 1e-06 8.67251 4.67322 3.07774 1.18953 3.07319 8 1 1.75064 0 -0.0199804 0.0199331 0 
  0.612325   0.281309    -4.4489   0.533429   0.545333  -0.507414 -0.0951984    2.51257
  0.281309    1.20227   -4.48566    1.13554   0.691657  -0.871441 -0.0475902    2.21935
   -4.4489   -4.48566    37.8925   -5.92903    -5.0191    5.20468   0.723385    -21.098
  0.533429    1.13554   -5.92903    1.45787    1.12643    -1.3073  -0.130262     4.5447
  0.545333   0.691657    -5.0191    1.12643    1.05344   -1.18555  -0.188472    5.08325
 -0.507414  -0.871441    5.20468    -1.3073   -1.18555    68.3595    8.24294    8.58029
-0.0951984 -0.0475902   0.723385  -0.130262  -0.188472    8.24294     40.809   -12.3268
   2.51257    2.21935    -21.098     4.5447    5.08325    8.58029   -12.3268    440.628

1.68456
1.48276
-13.851
2.01556
1.76037
-12.4114
1.6027
15.177

beta apres
9.31309
3.43471
1.10295
-0.525355
0.100302
-0.174891
0.087712
0.0269705
0 1e-05 17.9856 8.10793 4.18069 0.664174 3.1735 8 1 1.77761 0 -0.0299804 0.0299331 0 
   0.61247   0.281309    -4.4489   0.533429   0.545333  -0.507414 -0.0951984    2.51257
  0.281309    1.20247   -4.48566    1.13554   0.691657  -0.871441 -0.0475902    2.21935
   -4.4489   -4.48566     37.896   -5.92903    -5.0191    5.20468   0.723385    -21.098
  0.533429    1.13554   -5.92903    1.45809    1.12643    -1.3073  -0.130262     4.5447
  0.545333   0.691657    -5.0191    1.12643    1.05363   -1.18555  -0.188472    5.08325
 -0.507414  -0.871441    5.20468    -1.3073   -1.18555    68.3658    8.24294    8.58029
-0.0951984 -0.0475902   0.723385  -0.130262  -0.188472    8.24294    40.8128   -12.3268
   2.51257    2.21935    -21.098     4.5447    5.08325    8.58029   -12.3268    440.668

1.68456
1.48276
-13.851
2.01556
1.76037
-12.4114
1.6027
15.177

beta apres
1.91951
0.573254
-0.10582
-0.185721
-0.315781
-0.174921
0.0877115
0.0269604
1 0.0001 10.592 5.24648 2.97192 1.00381 2.75741 8 1 1.7776 0 -0.0299804 0.0299331 0 
   0.4952  0.262468  -4.93725  0.480546   0.62945 -0.669733 -0.149746   3.34352
 0.262468   1.13496  -5.34712   1.26573  0.828625 -0.845687 -0.045351   2.71744
 -4.93725  -5.34712   56.7244  -7.55868  -7.67204   8.05514   1.41907  -36.3384
 0.480546   1.26573  -7.55868   1.69422   1.39717  -1.53871 -0.194945   5.56002
  0.62945  0.828625  -7.67204   1.39717   1.62774  -1.80297 -0.359549   8.29011
-0.669733 -0.845687   8.05514  -1.53871  -1.80297   105.476   14.4897   10.5848
-0.149746 -0.045351   1.41907 -0.194945 -0.359549   14.4897   61.0615  -14.3321
  3.34352   2.71744  -36.3384   5.56002   8.29011   10.5848  -14.3321   687.507

0.161088
0.137938
-1.74857
0.162819
0.14976
-12.1
1.52302
12.8343

beta apres
-1.74568
-0.553658
-0.260504
0.0306572
-0.456714
-0.128338
0.0598141
0.0240589
1 1e-05 8.84634 4.69282 2.71142 1.03446 2.3007 8 1 1.80166 0 -0.0399804 0.0399331 0 
  0.806605   0.440345   -6.82884   0.608157    1.06248  -0.833464  -0.217625      4.499
  0.440345    1.74837   -7.40793    1.67721     1.2571  -0.920932 -0.0632143    3.31351
  -6.82884   -7.40793    66.8119   -8.38443   -10.6295    8.16491     1.7058   -40.3278
  0.608157    1.67721   -8.38443    1.85793    1.69401   -1.38471  -0.208568    5.18459
   1.06248     1.2571   -10.6295    1.69401    2.53464   -2.19222  -0.515049    10.6319
 -0.833464  -0.920932    8.16491   -1.38471   -2.19222    107.795    16.7736    6.39069
 -0.217625 -0.0632143     1.7058  -0.208568  -0.515049    16.7736    59.8785   -10.5223
     4.499    3.31351   -40.3278    5.18459    10.6319    6.39069   -10.5223    716.627

0.337825
0.258785
-3.05516
0.291788
0.452187
-9.96156
0.821443
16.0813

beta apres
-34.9391
-13.4929
-4.97449
1.92992
-0.813596
-0.101459
0.0465527
0.0239358
0 1e-06 8.84634 4.69282 2.71142 1.03446 2.3007 8 1 1.80166 0 -0.0399804 0.0399331 0 
  0.806621   0.440345   -6.82884   0.608157    1.06248  -0.833464  -0.217625      4.499
  0.440345     1.7484   -7.40793    1.67721     1.2571  -0.920932 -0.0632143    3.31351
  -6.82884   -7.40793    66.8125   -8.38443   -10.6295    8.16491     1.7058   -40.3278
  0.608157    1.67721   -8.38443    1.85795    1.69401   -1.38471  -0.208568    5.18459
   1.06248     1.2571   -10.6295    1.69401    2.53467   -2.19222  -0.515049    10.6319
 -0.833464  -0.920932    8.16491   -1.38471   -2.19222    107.796    16.7736    6.39069
 -0.217625 -0.0632143     1.7058  -0.208568  -0.515049    16.7736    59.8791   -10.5223
     4.499    3.31351   -40.3278    5.18459    10.6319    6.39069   -10.5223    716.634

0.337825
0.258785
-3.05516
0.291788
0.452187
-9.96156
0.821443
16.0813

beta apres
-10.6084
-4.0757
-1.55421
0.520883
-0.399073
-0.10158
0.0462178
0.0241594
0 1e-05 8.84634 4.69282 2.71142 1.03446 2.3007 8 1 1.80166 0 -0.0399804 0.0399331 0 
  0.806783   0.440345   -6.82884   0.608157    1.06248  -0.833464  -0.217625      4.499
  0.440345    1.74865   -7.40793    1.67721     1.2571  -0.920932 -0.0632143    3.31351
  -6.82884   -7.40793    66.8186   -8.38443   -10.6295    8.16491     1.7058   -40.3278
  0.608157    1.67721   -8.38443    1.85821    1.69401   -1.38471  -0.208568    5.18459
   1.06248     1.2571   -10.6295    1.69401    2.53499   -2.19222  -0.515049    10.6319
 -0.833464  -0.920932    8.16491   -1.38471   -2.19222    107.806    16.7736    6.39069
 -0.217625 -0.0632143     1.7058  -0.208568  -0.515049    16.7736    59.8846   -10.5223
     4.499    3.31351   -40.3278    5.18459    10.6319    6.39069   -10.5223    716.698

0.337825
0.258785
-3.05516
0.291788
0.452187
-9.96156
0.821443
16.0813

beta apres
-1.19897
-0.433918
-0.231457
-0.0238951
-0.238664
-0.101616
0.0460811
0.0242427
1 0.0001 7.64737 4.2589 2.47996 1.01057 2.06203 8 1 1.8259 0 -0.0499804 0.0499331 0 
  1.27888  0.698378  -9.52151  0.810869   1.64813 -0.810514 -0.270711   5.31501
 0.698378   2.53648   -9.9448   2.26229   1.74905  -1.08558 -0.260499   4.04632
 -9.52151   -9.9448   81.3805  -9.95423  -14.0522   7.37842   2.29217  -42.0805
 0.810869   2.26229  -9.95423   2.26024   2.04233  -1.31643 -0.226352   4.94713
  1.64813   1.74905  -14.0522   2.04233   3.51149  -2.38744  -0.64137   12.2212
-0.810514  -1.08558   7.37842  -1.31643  -2.38744    124.93   20.4957  0.892865
-0.270711 -0.260499   2.29217 -0.226352  -0.64137   20.4957   67.1565  -9.24664
  5.31501   4.04632  -42.0805   4.94713   12.2212  0.892865  -9.24664   839.624

0.296517
0.232059
-2.39201
0.199388
0.382667
-6.71732
1.29255
11.7353

beta apres
-12.5954
-5.06689
-2.04883
0.749886
-0.173457
-0.0605922
0.0400483
0.0140552
0 1e-05 7.64737 4.2589 2.47996 1.01057 2.06203 8 1 1.8259 0 -0.0499804 0.0499331 0 
  1.27908  0.698378  -9.52151  0.810869   1.64813 -0.810514 -0.270711   5.31501
 0.698378    2.5368   -9.9448   2.26229   1.74905  -1.08558 -0.260499   4.04632
 -9.52151   -9.9448   81.3879  -9.95423  -14.0522   7.37842   2.29217  -42.0805
 0.810869   2.26229  -9.95423   2.26053   2.04233  -1.31643 -0.226352   4.94713
  1.64813   1.74905  -14.0522   2.04233    3.5119  -2.38744  -0.64137   12.2212
-0.810514  -1.08558   7.37842  -1.31643  -2.38744   124.942   20.4957  0.892865
-0.270711 -0.260499   2.29217 -0.226352  -0.64137   20.4957   67.1626  -9.24664
  5.31501   4.04632  -42.0805   4.94713   12.2212  0.892865  -9.24664   839.699

0.296517
0.232059
-2.39201
0.199388
0.382667
-6.71732
1.29255
11.7353

beta apres
-1.91829
-0.655046
-0.348132
-0.0764097
-0.0963864
-0.0606742
0.0401446
0.0141877
0 0.0001 5.72907 3.60386 2.13183 0.93416 1.96565 8 1 1.84009 0 -0.0599804 0.0599331 0 
  1.28113  0.698378  -9.52151  0.810869   1.64813 -0.810514 -0.270711   5.31501
 0.698378   2.53998   -9.9448   2.26229   1.74905  -1.08558 -0.260499   4.04632
 -9.52151   -9.9448   81.4621  -9.95423  -14.0522   7.37842   2.29217  -42.0805
 0.810869   2.26229  -9.95423   2.26347   2.04233  -1.31643 -0.226352   4.94713
  1.64813   1.74905  -14.0522   2.04233   3.51596  -2.38744  -0.64137   12.2212
-0.810514  -1.08558   7.37842  -1.31643  -2.38744   125.055   20.4957  0.892865
-0.270711 -0.260499   2.29217 -0.226352  -0.64137   20.4957   67.2239  -9.24664
  5.31501   4.04632  -42.0805   4.94713   12.2212  0.892865  -9.24664   840.456

0.296517
0.232059
-2.39201
0.199388
0.382667
-6.71732
1.29255
11.7353

beta apres
-0.147048
0.0714466
-0.0660049
-0.206829
-0.0846336
-0.0606188
0.0400937
0.0141978
1 0.001 7.50032 4.33035 2.41395 0.803741 1.9774 8 1 1.8401 0 -0.0599804 0.0599331 0 
   1.4482   0.78029  -10.6803  0.980959   1.86105 -0.694663 -0.275678   5.38872
  0.78029   2.40791  -10.0943    2.7111   1.72746  -1.17125 -0.251059   3.55458
 -10.6803  -10.0943   88.3454  -11.8838  -15.1758   6.81696   2.29898  -40.9497
 0.980959    2.7111  -11.8838    3.2506    2.2066  -1.28493 -0.194044   4.78001
  1.86105   1.72746  -15.1758    2.2066   3.72023  -2.22534 -0.644468    12.119
-0.694663  -1.17125   6.81696  -1.28493  -2.22534   157.106   22.9323   4.09245
-0.275678 -0.251059   2.29898 -0.194044 -0.644468   22.9323    86.134  -16.4193
  5.38872   3.55458  -40.9497   4.78001    12.119   4.09245  -16.4193   1049.53

0.087357
0.122117
-0.823255
0.180442
0.130394
-4.80151
2.60933
3.89485

beta apres
-7.49619
-3.65121
-1.20695
0.960351
-0.0421607
-0.0373243
0.0404912
0.004366
0 0.0001 7.50032 4.33035 2.41395 0.803741 1.9774 8 1 1.8401 0 -0.0599804 0.0599331 0 
  1.45041   0.78029  -10.6803  0.980959   1.86105 -0.694663 -0.275678   5.38872
  0.78029   2.41098  -10.0943    2.7111   1.72746  -1.17125 -0.251059   3.55458
 -10.6803  -10.0943   88.4258  -11.8838  -15.1758   6.81696   2.29898  -40.9497
 0.980959    2.7111  -11.8838   3.25442    2.2066  -1.28493 -0.194044   4.78001
  1.86105   1.72746  -15.1758    2.2066   3.72448  -2.22534 -0.644468    12.119
-0.694663  -1.17125   6.81696  -1.28493  -2.22534   157.248   22.9323   4.09245
-0.275678 -0.251059   2.29898 -0.194044 -0.644468   22.9323   86.2124  -16.4193
  5.38872   3.55458  -40.9497   4.78001    12.119   4.09245  -16.4193   1050.47

0.087357
0.122117
-0.823255
0.180442
0.130394
-4.80151
2.60933
3.89485

beta apres
-0.919391
-0.664798
-0.162331
0.333006
-0.0860616
-0.0370414
0.0405547
0.00460129
0 0.001 6.58093 3.66555 2.25162 1.13675 1.89134 8 1 1.8447 0 -0.0699804 0.0699331 0 
  1.47244   0.78029  -10.6803  0.980959   1.86105 -0.694663 -0.275678   5.38872
  0.78029   2.44165  -10.0943    2.7111   1.72746  -1.17125 -0.251059   3.55458
 -10.6803  -10.0943   89.2298  -11.8838  -15.1758   6.81696   2.29898  -40.9497
 0.980959    2.7111  -11.8838   3.29268    2.2066  -1.28493 -0.194044   4.78001
  1.86105   1.72746  -15.1758    2.2066   3.76696  -2.22534 -0.644468    12.119
-0.694663  -1.17125   6.81696  -1.28493  -2.22534   158.671   22.9323   4.09245
-0.275678 -0.251059   2.29898 -0.194044 -0.644468   22.9323   86.9965  -16.4193
  5.38872   3.55458  -40.9497   4.78001    12.119   4.09245  -16.4193   1059.93

0.087357
0.122117
-0.823255
0.180442
0.130394
-4.80151
2.60933
3.89485

beta apres
-0.00927624
-0.178508
-0.0158939
0.181311
-0.0785027
-0.036492
0.0401698
0.00454947
0 0.01 7.49104 4.15184 2.39806 0.985053 1.8989 8 1 1.84465 0 -0.0699804 0.0699331 0 
  1.69276   0.78029  -10.6803  0.980959   1.86105 -0.694663 -0.275678   5.38872
  0.78029   2.74833  -10.0943    2.7111   1.72746  -1.17125 -0.251059   3.55458
 -10.6803  -10.0943   97.2701  -11.8838  -15.1758   6.81696   2.29898  -40.9497
 0.980959    2.7111  -11.8838   3.67519    2.2066  -1.28493 -0.194044   4.78001
  1.86105   1.72746  -15.1758    2.2066   4.19173  -2.22534 -0.644468    12.119
-0.694663  -1.17125   6.81696  -1.28493  -2.22534   172.899   22.9323   4.09245
-0.275678 -0.251059   2.29898 -0.194044 -0.644468   22.9323   94.8378  -16.4193
  5.38872   3.55458  -40.9497   4.78001    12.119   4.09245  -16.4193   1154.47

0.087357
0.122117
-0.823255
0.180442
0.130394
-4.80151
2.60933
3.89485

beta apres
0.0247437
-0.0240888
-0.00442293
0.0538534
-0.0375809
-0.0326203
0.0360599
0.00397553
0 0.1 7.52506 4.30626 2.40953 0.857595 1.93982 8 1 1.84408 0 -0.0699804 0.0699331 0 
  3.89592   0.78029  -10.6803  0.980959   1.86105 -0.694663 -0.275678   5.38872
  0.78029   5.81515  -10.0943    2.7111   1.72746  -1.17125 -0.251059   3.55458
 -10.6803  -10.0943   177.673  -11.8838  -15.1758   6.81696   2.29898  -40.9497
 0.980959    2.7111  -11.8838   7.50035    2.2066  -1.28493 -0.194044   4.78001
  1.86105   1.72746  -15.1758    2.2066   8.43952  -2.22534 -0.644468    12.119
-0.694663  -1.17125   6.81696  -1.28493  -2.22534    315.18   22.9323   4.09245
-0.275678 -0.251059   2.29898 -0.194044 -0.644468   22.9323   173.251  -16.4193
  5.38872   3.55458  -40.9497   4.78001    12.119   4.09245  -16.4193   2099.85

0.087357
0.122117
-0.823255
0.180442
0.130394
-4.80151
2.60933
3.89485

beta apres
0.00794021
0.00625415
-0.00207513
0.0141097
-0.000752431
-0.0163928
0.0174755
0.00192421
0 1 7.50826 4.3366 2.41188 0.817851 1.97665 8 1 1.84203 0 -0.0699804 0.0699331 0 
  25.9276   0.78029  -10.6803  0.980959   1.86105 -0.694663 -0.275678   5.38872
  0.78029   36.4833  -10.0943    2.7111   1.72746  -1.17125 -0.251059   3.55458
 -10.6803  -10.0943   981.701  -11.8838  -15.1758   6.81696   2.29898  -40.9497
 0.980959    2.7111  -11.8838   45.7519    2.2066  -1.28493 -0.194044   4.78001
  1.86105   1.72746  -15.1758    2.2066   50.9173  -2.22534 -0.644468    12.119
-0.694663  -1.17125   6.81696  -1.28493  -2.22534   1737.99   22.9323   4.09245
-0.275678 -0.251059   2.29898 -0.194044 -0.644468   22.9323   957.378  -16.4193
  5.38872   3.55458  -40.9497   4.78001    12.119   4.09245  -16.4193   11553.7

0.087357
0.122117
-0.823255
0.180442
0.130394
-4.80151
2.60933
3.89485

beta apres
0.00263149
0.00266043
-0.000686458
0.00336055
0.0018582
-0.00279005
0.0028031
0.000334263
0 10 7.50295 4.33301 2.41327 0.807102 1.97926 8 1 1.84044 0 -0.0627705 0.0627362 0 
  246.244   0.78029  -10.6803  0.980959   1.86105 -0.694663 -0.275678   5.38872
  0.78029   343.165  -10.0943    2.7111   1.72746  -1.17125 -0.251059   3.55458
 -10.6803  -10.0943   9021.98  -11.8838  -15.1758   6.81696   2.29898  -40.9497
 0.980959    2.7111  -11.8838   428.268    2.2066  -1.28493 -0.194044   4.78001
  1.86105   1.72746  -15.1758    2.2066   475.696  -2.22534 -0.644468    12.119
-0.694663  -1.17125   6.81696  -1.28493  -2.22534   15966.1   22.9323   4.09245
-0.275678 -0.251059   2.29898 -0.194044 -0.644468   22.9323   8798.65  -16.4193
  5.38872   3.55458  -40.9497   4.78001    12.119   4.09245  -16.4193    106092

0.087357
0.122117
-0.823255
0.180442
0.130394
-4.80151
2.60933
3.89485

beta apres
0.000344827
0.00034666
-8.9146e-05
0.000413331
0.000264804
-0.00030102
0.000297486
3.66573e-05
0 100 7.50066 4.3307 2.41387 0.804155 1.97767 8 1 1.84014 0 -0.0602815 0.0602306 0 
    2449.41     0.78029    -10.6803    0.980959     1.86105   -0.694663   -0.275678     5.38872
    0.78029     3409.98    -10.0943      2.7111     1.72746    -1.17125   -0.251059     3.55458
   -10.6803    -10.0943     89424.8    -11.8838    -15.1758     6.81696     2.29898    -40.9497
   0.980959      2.7111    -11.8838     4253.42      2.2066    -1.28493   -0.194044     4.78001
    1.86105     1.72746    -15.1758      2.2066     4723.48    -2.22534   -0.644468      12.119
  -0.694663    -1.17125     6.81696    -1.28493    -2.22534      158247     22.9323     4.09245
  -0.275678   -0.251059     2.29898   -0.194044   -0.644468     22.9323     87211.4    -16.4193
    5.38872     3.55458    -40.9497     4.78001      12.119     4.09245    -16.4193 1.05147e+06

0.087357
0.122117
-0.823255
0.180442
0.130394
-4.80151
2.60933
3.89485

beta apres
3.55619e-05
3.57166e-05
-9.18431e-06
4.234e-05
2.75094e-05
-3.03448e-05
2.9929e-05
3.7036e-06
0 1000 7.50035 4.33038 2.41395 0.803784 1.97743 8 1 1.84011 0 -0.0600108 0.059963 0 
      24481     0.78029    -10.6803    0.980959     1.86105   -0.694663   -0.275678     5.38872
    0.78029     34078.1    -10.0943      2.7111     1.72746    -1.17125   -0.251059     3.55458
   -10.6803    -10.0943      893453    -11.8838    -15.1758     6.81696     2.29898    -40.9497
   0.980959      2.7111    -11.8838       42505      2.2066    -1.28493   -0.194044     4.78001
    1.86105     1.72746    -15.1758      2.2066     47201.3    -2.22534   -0.644468      12.119
  -0.694663    -1.17125     6.81696    -1.28493    -2.22534 1.58105e+06     22.9323     4.09245
  -0.275678   -0.251059     2.29898   -0.194044   -0.644468     22.9323      871339    -16.4193
    5.38872     3.55458    -40.9497     4.78001      12.119     4.09245    -16.4193 1.05053e+07

0.087357
0.122117
-0.823255
0.180442
0.130394
-4.80151
2.60933
3.89485

beta apres
3.56732e-06
3.58248e-06
-9.21213e-07
4.24437e-06
2.76154e-06
-3.03693e-06
2.99472e-06
3.70746e-07
0 10000 7.50032 4.33035 2.41395 0.803745 1.9774 8 1 1.8401 0 -0.0599835 0.0599361 0 
     244797     0.78029    -10.6803    0.980959     1.86105   -0.694663   -0.275678     5.38872
    0.78029      340760    -10.0943      2.7111     1.72746    -1.17125   -0.251059     3.55458
   -10.6803    -10.0943 8.93373e+06    -11.8838    -15.1758     6.81696     2.29898    -40.9497
   0.980959      2.7111    -11.8838      425021      2.2066    -1.28493   -0.194044     4.78001
    1.86105     1.72746    -15.1758      2.2066      471980    -2.22534   -0.644468      12.119
  -0.694663    -1.17125     6.81696    -1.28493    -2.22534 1.58091e+07     22.9323     4.09245
  -0.275678   -0.251059     2.29898   -0.194044   -0.644468     22.9323 8.71261e+06    -16.4193
    5.38872     3.55458    -40.9497     4.78001      12.119     4.09245    -16.4193 1.05043e+08

0.087357
0.122117
-0.823255
0.180442
0.130394
-4.80151
2.60933
3.89485

beta apres
3.56844e-07
3.58357e-07
-9.21492e-08
4.24542e-07
2.76261e-07
-3.03717e-07
2.9949e-07
3.70784e-08
0 100000 7.50032 4.33035 2.41395 0.803742 1.9774 8 1 1.8401 0 -0.0599807 0.0599334 0 
2.44796e+06     0.78029    -10.6803    0.980959     1.86105   -0.694663   -0.275678     5.38872
    0.78029 3.40758e+06    -10.0943      2.7111     1.72746    -1.17125   -0.251059     3.55458
   -10.6803    -10.0943 8.93365e+07    -11.8838    -15.1758     6.81696     2.29898    -40.9497
   0.980959      2.7111    -11.8838 4.25018e+06      2.2066    -1.28493   -0.194044     4.78001
    1.86105     1.72746    -15.1758      2.2066 4.71976e+06    -2.22534   -0.644468      12.119
  -0.694663    -1.17125     6.81696    -1.28493    -2.22534  1.5809e+08     22.9323     4.09245
  -0.275678   -0.251059     2.29898   -0.194044   -0.644468     22.9323 8.71254e+07    -16.4193
    5.38872     3.55458    -40.9497     4.78001      12.119     4.09245    -16.4193 1.05042e+09

0.087357
0.122117
-0.823255
0.180442
0.130394
-4.80151
2.60933
3.89485

beta apres
3.56855e-08
3.58368e-08
-9.2152e-09
4.24552e-08
2.76271e-08
-3.0372e-08
2.99492e-08
3.70788e-09
0 1e+06 7.50032 4.33035 2.41395 0.803741 1.9774 8 1 1.8401 0 -0.0599805 0.0599331 0 
2.44796e+07     0.78029    -10.6803    0.980959     1.86105   -0.694663   -0.275678     5.38872
    0.78029 3.40757e+07    -10.0943      2.7111     1.72746    -1.17125   -0.251059     3.55458
   -10.6803    -10.0943 8.93364e+08    -11.8838    -15.1758     6.81696     2.29898    -40.9497
   0.980959      2.7111    -11.8838 4.25017e+07      2.2066    -1.28493   -0.194044     4.78001
    1.86105     1.72746    -15.1758      2.2066 4.71976e+07    -2.22534   -0.644468      12.119
  -0.694663    -1.17125     6.81696    -1.28493    -2.22534  1.5809e+09     22.9323     4.09245
  -0.275678   -0.251059     2.29898   -0.194044   -0.644468     22.9323 8.71253e+08    -16.4193
    5.38872     3.55458    -40.9497     4.78001      12.119     4.09245    -16.4193 1.05042e+10

0.087357
0.122117
-0.823255
0.180442
0.130394
-4.80151
2.60933
3.89485

beta apres
3.56856e-09
3.58369e-09
-9.21522e-10
4.24553e-09
2.76272e-09
-3.0372e-09
2.99492e-09
3.70789e-10
0 1e+07 7.50032 4.33035 2.41395 0.803741 1.9774 8 1 1.8401 0 -0.0599804 0.0599331 0 
2.44796e+08     0.78029    -10.6803    0.980959     1.86105   -0.694663   -0.275678     5.38872
    0.78029 3.40757e+08    -10.0943      2.7111     1.72746    -1.17125   -0.251059     3.55458
   -10.6803    -10.0943 8.93364e+09    -11.8838    -15.1758     6.81696     2.29898    -40.9497
   0.980959      2.7111    -11.8838 4.25017e+08      2.2066    -1.28493   -0.194044     4.78001
    1.86105     1.72746    -15.1758      2.2066 4.71976e+08    -2.22534   -0.644468      12.119
  -0.694663    -1.17125     6.81696    -1.28493    -2.22534  1.5809e+10     22.9323     4.09245
  -0.275678   -0.251059     2.29898   -0.194044   -0.644468     22.9323 8.71253e+09    -16.4193
    5.38872     3.55458    -40.9497     4.78001      12.119     4.09245    -16.4193 1.05042e+11

0.087357
0.122117
-0.823255
0.180442
0.130394
-4.80151
2.60933
3.89485

beta apres
3.56856e-10
3.58369e-10
-9.21523e-11
4.24553e-10
2.76272e-10
-3.0372e-10
2.99492e-10
3.70789e-11
0 1e+08 7.50032 4.33035 2.41395 0.803741 1.9774 8 1 1.8401 0 -0.0599804 0.0599331 0 
2.44796e+09     0.78029    -10.6803    0.980959     1.86105   -0.694663   -0.275678     5.38872
    0.78029 3.40757e+09    -10.0943      2.7111     1.72746    -1.17125   -0.251059     3.55458
   -10.6803    -10.0943 8.93364e+10    -11.8838    -15.1758     6.81696     2.29898    -40.9497
   0.980959      2.7111    -11.8838 4.25017e+09      2.2066    -1.28493   -0.194044     4.78001
    1.86105     1.72746    -15.1758      2.2066 4.71976e+09    -2.22534   -0.644468      12.119
  -0.694663    -1.17125     6.81696    -1.28493    -2.22534  1.5809e+11     22.9323     4.09245
  -0.275678   -0.251059     2.29898   -0.194044   -0.644468     22.9323 8.71253e+10    -16.4193
    5.38872     3.55458    -40.9497     4.78001      12.119     4.09245    -16.4193 1.05042e+12

0.087357
0.122117
-0.823255
0.180442
0.130394
-4.80151
2.60933
3.89485

beta apres
3.56856e-11
3.58369e-11
-9.21523e-12
4.24553e-11
2.76272e-11
-3.0372e-11
2.99492e-11
3.70789e-12
0 1e+09 7.50032 4.33035 2.41395 0.803741 1.9774 8 1 1.8401 0 -0.0599804 0.0599331 0 
2.44796e+10     0.78029    -10.6803    0.980959     1.86105   -0.694663   -0.275678     5.38872
    0.78029 3.40757e+10    -10.0943      2.7111     1.72746    -1.17125   -0.251059     3.55458
   -10.6803    -10.0943 8.93364e+11    -11.8838    -15.1758     6.81696     2.29898    -40.9497
   0.980959      2.7111    -11.8838 4.25017e+10      2.2066    -1.28493   -0.194044     4.78001
    1.86105     1.72746    -15.1758      2.2066 4.71976e+10    -2.22534   -0.644468      12.119
  -0.694663    -1.17125     6.81696    -1.28493    -2.22534  1.5809e+12     22.9323     4.09245
  -0.275678   -0.251059     2.29898   -0.194044   -0.644468     22.9323 8.71253e+11    -16.4193
    5.38872     3.55458    -40.9497     4.78001      12.119     4.09245    -16.4193 1.05042e+13

0.087357
0.122117
-0.823255
0.180442
0.130394
-4.80151
2.60933
3.89485

beta apres
3.56856e-12
3.58369e-12
-9.21523e-13
4.24553e-12
2.76272e-12
-3.0372e-12
2.99492e-12
3.70789e-13
0 1e+10 7.50032 4.33035 2.41395 0.803741 1.9774 8 1 1.8401 0 -0.0599804 0.0599331 0 
2.44796e+11     0.78029    -10.6803    0.980959     1.86105   -0.694663   -0.275678     5.38872
    0.78029 3.40757e+11    -10.0943      2.7111     1.72746    -1.17125   -0.251059     3.55458
   -10.6803    -10.0943 8.93364e+12    -11.8838    -15.1758     6.81696     2.29898    -40.9497
   0.980959      2.7111    -11.8838 4.25017e+11      2.2066    -1.28493   -0.194044     4.78001
    1.86105     1.72746    -15.1758      2.2066 4.71976e+11    -2.22534   -0.644468      12.119
  -0.694663    -1.17125     6.81696    -1.28493    -2.22534  1.5809e+13     22.9323     4.09245
  -0.275678   -0.251059     2.29898   -0.194044   -0.644468     22.9323 8.71253e+12    -16.4193
    5.38872     3.55458    -40.9497     4.78001      12.119     4.09245    -16.4193 1.05042e+14

0.087357
0.122117
-0.823255
0.180442
0.130394
-4.80151
2.60933
3.89485

beta apres
3.56856e-13
3.58369e-13
-9.21523e-14
4.24553e-13
2.76272e-13
-3.0372e-13
2.99492e-13
3.70789e-14
0 1e+11 7.50032 4.33035 2.41395 0.803741 1.9774 8 1 1.8401 0 -0.0599804 0.0599331 0 
2.44796e+12     0.78029    -10.6803    0.980959     1.86105   -0.694663   -0.275678     5.38872
    0.78029 3.40757e+12    -10.0943      2.7111     1.72746    -1.17125   -0.251059     3.55458
   -10.6803    -10.0943 8.93364e+13    -11.8838    -15.1758     6.81696     2.29898    -40.9497
   0.980959      2.7111    -11.8838 4.25017e+12      2.2066    -1.28493   -0.194044     4.78001
    1.86105     1.72746    -15.1758      2.2066 4.71976e+12    -2.22534   -0.644468      12.119
  -0.694663    -1.17125     6.81696    -1.28493    -2.22534  1.5809e+14     22.9323     4.09245
  -0.275678   -0.251059     2.29898   -0.194044   -0.644468     22.9323 8.71253e+13    -16.4193
    5.38872     3.55458    -40.9497     4.78001      12.119     4.09245    -16.4193 1.05042e+15

0.087357
0.122117
-0.823255
0.180442
0.130394
-4.80151
2.60933
3.89485

beta apres
3.56856e-14
3.58369e-14
-9.21523e-15
4.24553e-14
2.76272e-14
-3.0372e-14
2.99492e-14
3.70789e-15
0 1e+12 7.50032 4.33035 2.41395 0.803741 1.9774 8 1 1.8401 0 -0.0599804 0.0599331 0 
2.44796e+13     0.78029    -10.6803    0.980959     1.86105   -0.694663   -0.275678     5.38872
    0.78029 3.40757e+13    -10.0943      2.7111     1.72746    -1.17125   -0.251059     3.55458
   -10.6803    -10.0943 8.93364e+14    -11.8838    -15.1758     6.81696     2.29898    -40.9497
   0.980959      2.7111    -11.8838 4.25017e+13      2.2066    -1.28493   -0.194044     4.78001
    1.86105     1.72746    -15.1758      2.2066 4.71976e+13    -2.22534   -0.644468      12.119
  -0.694663    -1.17125     6.81696    -1.28493    -2.22534  1.5809e+15     22.9323     4.09245
  -0.275678   -0.251059     2.29898   -0.194044   -0.644468     22.9323 8.71253e+14    -16.4193
    5.38872     3.55458    -40.9497     4.78001      12.119     4.09245    -16.4193 1.05042e+16

0.087357
0.122117
-0.823255
0.180442
0.130394
-4.80151
2.60933
3.89485

beta apres
3.56856e-15
3.58369e-15
-9.21523e-16
4.24553e-15
2.76272e-15
-3.0372e-15
2.99492e-15
3.70789e-16
0 1e+13 7.50032 4.33035 2.41395 0.803741 1.9774 8 1 1.8401 0 -0.0599804 0.0599331 0 
2.44796e+14     0.78029    -10.6803    0.980959     1.86105   -0.694663   -0.275678     5.38872
    0.78029 3.40757e+14    -10.0943      2.7111     1.72746    -1.17125   -0.251059     3.55458
   -10.6803    -10.0943 8.93364e+15    -11.8838    -15.1758     6.81696     2.29898    -40.9497
   0.980959      2.7111    -11.8838 4.25017e+14      2.2066    -1.28493   -0.194044     4.78001
    1.86105     1.72746    -15.1758      2.2066 4.71976e+14    -2.22534   -0.644468      12.119
  -0.694663    -1.17125     6.81696    -1.28493    -2.22534  1.5809e+16     22.9323     4.09245
  -0.275678   -0.251059     2.29898   -0.194044   -0.644468     22.9323 8.71253e+15    -16.4193
    5.38872     3.55458    -40.9497     4.78001      12.119     4.09245    -16.4193 1.05042e+17

0.087357
0.122117
-0.823255
0.180442
0.130394
-4.80151
2.60933
3.89485

beta apres
3.56856e-16
3.58369e-16
-9.21523e-17
4.24553e-16
2.76272e-16
-3.0372e-16
2.99492e-16
3.70789e-17
0 1e+14 7.50032 4.33035 2.41395 0.803741 1.9774 8 1 1.8401 0 -0.0599804 0.0599331 0 
2.44796e+15     0.78029    -10.6803    0.980959     1.86105   -0.694663   -0.275678     5.38872
    0.78029 3.40757e+15    -10.0943      2.7111     1.72746    -1.17125   -0.251059     3.55458
   -10.6803    -10.0943 8.93364e+16    -11.8838    -15.1758     6.81696     2.29898    -40.9497
   0.980959      2.7111    -11.8838 4.25017e+15      2.2066    -1.28493   -0.194044     4.78001
    1.86105     1.72746    -15.1758      2.2066 4.71976e+15    -2.22534   -0.644468      12.119
  -0.694663    -1.17125     6.81696    -1.28493    -2.22534  1.5809e+17     22.9323     4.09245
  -0.275678   -0.251059     2.29898   -0.194044   -0.644468     22.9323 8.71253e+16    -16.4193
    5.38872     3.55458    -40.9497     4.78001      12.119     4.09245    -16.4193 1.05042e+18

0.087357
0.122117
-0.823255
0.180442
0.130394
-4.80151
2.60933
3.89485

beta apres
3.56856e-17
3.58369e-17
-9.21523e-18
4.24553e-17
2.76272e-17
-3.0372e-17
2.99492e-17
3.70789e-18
0 1e+15 7.50032 4.33035 2.41395 0.803741 1.9774 8 1 1.8401 0 -0.0599804 0.0599331 0 
